1791371194 1791371080
1791371196 1791371080
1791371197 1791371080
1791371198 1791371080
1791371200 1791371080
1791371201 1791371080
1791371202 1791371080
1791371203 1791371080
1791371205 1791371205
1791371206 1791371205
1791371207 1791371205
1791371208 1791371205
1791371209 1791371205
1791371211 1791371205
1791371212 1791371205
1791371213 1791371205
1791371214 1791371205
1791371216 1791371205
1791371217 1791371217
1791371219 1791371217
1791371220 1791371217
1791371221 1791371217
1791371222 1791371217
1791371223 1791371217
1791371225 1791371217
1791371226 1791371217
1791371227 1791371217
1791371228 1791371217
1791371229 1791371217
1791371231 1791371230
1791371232 1791371230
1791371233 1791371230
1791371234 1791371230
1791371235 1791371230
1791371236 1791371230
1791371238 1791371230
1791371239 1791371230
1791371240 1791371230
1791371242 1791371241
1791371244 1791371241
1791371246 1791371241
1791371249 1791371241
1791371250 1791371241
1791371252 1791371241
1791371253 1791371241
1791371254 1791371241
1791371255 1791371241
1791371256 1791371241
1791371258 1791371241
1791371259 1791371241
1791371260 1791371241
1791371261 1791371241
1791371262 1791371241
1791371263 1791371241
1791371265 1791371241
1791371266 1791371241
1791371267 1791371266
1791371268 1791371266
1791371269 1791371266
1791371271 1791371266
